<?php get_header(); ?>
<div class="top">
    <section class="page__banner">
        <div class="page__inner">
            <!-- <img src="<?php echo get_template_directory_uri(); ?>/release/image/main_bg.png" alt=""> -->

            <!-- <div class="inner inner1 isActive"></div>
            <div class="inner inner2"></div> -->

            <!-- <div class="inner inner1"></div>
            <div class="inner inner2"></div>
            <div class="inner inner1"></div>-->


            <div class="blob-1 blob">
                <svg viewBox="0 0 800 500" preserveAspectRatio="none" xmlns="http://www.w3.org/2000/svg" xmlns:xlink="http://www.w3.org/1999/xlink" width="100%" id="blobSvg">
                    <g transform="translate(149.9840850830078, -26.675491333007812)">
                        <defs>
                            <clipPath id="shape">
                                <path fill="">
                                    <animate attributeName="d" dur="10000ms" repeatCount="indefinite" values="M424.5,321Q419,392,356,444Q293,496,210.5,478.5Q128,461,79,395.5Q30,330,75.5,266.5Q121,203,140.5,148.5Q160,94,216.5,107.5Q273,121,339.5,120Q406,119,418,184.5Q430,250,424.5,321Z;
                                    
                                    M438.5,312Q397,374,336.5,384.5Q276,395,211,412.5Q146,430,81.5,382.5Q17,335,24.5,253Q32,171,80.5,105.5Q129,40,203.5,66Q278,92,328.5,117Q379,142,429.5,196Q480,250,438.5,312Z;
                                    
                                    M366,294.5Q356,339,323,406.5Q290,474,212,462.5Q134,451,133,372Q132,293,73.5,229Q15,165,72.5,103Q130,41,205,60Q280,79,315.5,122.5Q351,166,363.5,208Q376,250,366,294.5Z;
                                    
                                    M424.5,321Q419,392,356,444Q293,496,210.5,478.5Q128,461,79,395.5Q30,330,75.5,266.5Q121,203,140.5,148.5Q160,94,216.5,107.5Q273,121,339.5,120Q406,119,418,184.5Q430,250,424.5,321Z">
                                </path>
                            </clipPath>
                        </defs>
                        <image x="0" y="0" width="100%" height="100%" clip-path="url(#shape)" xlink:href="https://ad-readlp.hipetest.com/wp-content/themes/ad-readlp/release/image/bg.jpg" preserveAspectRatio="none"></image>
                    </g>
                </svg>
            </div>
            <div class="blob-2 blob">
                <svg viewBox="0 0 800 500" preserveAspectRatio="none" xmlns="http://www.w3.org/2000/svg" xmlns:xlink="http://www.w3.org/1999/xlink" width="100%" id="blobSvg">
                    <g transform="translate(149.9840850830078, -26.675491333007812)">
                        <path fill="#fff">
                            <animate attributeName="d" dur="10000ms" repeatCount="indefinite" values="M424.5,321Q419,392,356,444Q293,496,210.5,478.5Q128,461,79,395.5Q30,330,75.5,266.5Q121,203,140.5,148.5Q160,94,216.5,107.5Q273,121,339.5,120Q406,119,418,184.5Q430,250,424.5,321Z;
                            
                            M366,294.5Q356,339,323,406.5Q290,474,212,462.5Q134,451,133,372Q132,293,73.5,229Q15,165,72.5,103Q130,41,205,60Q280,79,315.5,122.5Q351,166,363.5,208Q376,250,366,294.5Z;
                            
                            M438.5,312Q397,374,336.5,384.5Q276,395,211,412.5Q146,430,81.5,382.5Q17,335,24.5,253Q32,171,80.5,105.5Q129,40,203.5,66Q278,92,328.5,117Q379,142,429.5,196Q480,250,438.5,312Z;
                            
                            M424.5,321Q419,392,356,444Q293,496,210.5,478.5Q128,461,79,395.5Q30,330,75.5,266.5Q121,203,140.5,148.5Q160,94,216.5,107.5Q273,121,339.5,120Q406,119,418,184.5Q430,250,424.5,321Z">
                        </path>
                    </g>
                </svg>
            </div>
            <div class="blob-1 blob">
                <svg viewBox="0 0 800 500" preserveAspectRatio="none" xmlns="http://www.w3.org/2000/svg" xmlns:xlink="http://www.w3.org/1999/xlink" width="100%" id="blobSvg">
                    <g transform="translate(149.9840850830078, -26.675491333007812)">
                        <defs>
                            <clipPath id="shape">
                                <path fill="">
                                    <animate attributeName="d" dur="10000ms" repeatCount="indefinite" values="M424.5,321Q419,392,356,444Q293,496,210.5,478.5Q128,461,79,395.5Q30,330,75.5,266.5Q121,203,140.5,148.5Q160,94,216.5,107.5Q273,121,339.5,120Q406,119,418,184.5Q430,250,424.5,321Z;
                                    
                                    M438.5,312Q397,374,336.5,384.5Q276,395,211,412.5Q146,430,81.5,382.5Q17,335,24.5,253Q32,171,80.5,105.5Q129,40,203.5,66Q278,92,328.5,117Q379,142,429.5,196Q480,250,438.5,312Z;
                                    
                                    M366,294.5Q356,339,323,406.5Q290,474,212,462.5Q134,451,133,372Q132,293,73.5,229Q15,165,72.5,103Q130,41,205,60Q280,79,315.5,122.5Q351,166,363.5,208Q376,250,366,294.5Z;
                                    
                                    M424.5,321Q419,392,356,444Q293,496,210.5,478.5Q128,461,79,395.5Q30,330,75.5,266.5Q121,203,140.5,148.5Q160,94,216.5,107.5Q273,121,339.5,120Q406,119,418,184.5Q430,250,424.5,321Z">
                                </path>
                            </clipPath>
                        </defs>
                        <image x="0" y="0" width="100%" height="100%" clip-path="url(#shape)" xlink:href="https://ad-readlp.hipetest.com/wp-content/themes/ad-readlp/release/image/bg.jpg" preserveAspectRatio="none"></image>
                    </g>
                </svg>
            </div>
            <div class="blob-2 blob">
                <svg viewBox="0 0 800 500" preserveAspectRatio="none" xmlns="http://www.w3.org/2000/svg" xmlns:xlink="http://www.w3.org/1999/xlink" width="100%" id="blobSvg">
                    <g transform="translate(149.9840850830078, -26.675491333007812)">
                        <path fill="#fff">
                            <animate attributeName="d" dur="10000ms" repeatCount="indefinite" values="M424.5,321Q419,392,356,444Q293,496,210.5,478.5Q128,461,79,395.5Q30,330,75.5,266.5Q121,203,140.5,148.5Q160,94,216.5,107.5Q273,121,339.5,120Q406,119,418,184.5Q430,250,424.5,321Z;
                            
                            M366,294.5Q356,339,323,406.5Q290,474,212,462.5Q134,451,133,372Q132,293,73.5,229Q15,165,72.5,103Q130,41,205,60Q280,79,315.5,122.5Q351,166,363.5,208Q376,250,366,294.5Z;
                            
                            M438.5,312Q397,374,336.5,384.5Q276,395,211,412.5Q146,430,81.5,382.5Q17,335,24.5,253Q32,171,80.5,105.5Q129,40,203.5,66Q278,92,328.5,117Q379,142,429.5,196Q480,250,438.5,312Z;
                            
                            M424.5,321Q419,392,356,444Q293,496,210.5,478.5Q128,461,79,395.5Q30,330,75.5,266.5Q121,203,140.5,148.5Q160,94,216.5,107.5Q273,121,339.5,120Q406,119,418,184.5Q430,250,424.5,321Z">
                        </path>
                    </g>
                </svg>
            </div>
            <div class="blob-1 blob">
                <svg viewBox="0 0 800 500" preserveAspectRatio="none" xmlns="http://www.w3.org/2000/svg" xmlns:xlink="http://www.w3.org/1999/xlink" width="100%" id="blobSvg">
                    <g transform="translate(149.9840850830078, -26.675491333007812)">
                        <defs>
                            <clipPath id="shape">
                                <path fill="">
                                    <animate attributeName="d" dur="10000ms" repeatCount="indefinite" values="M424.5,321Q419,392,356,444Q293,496,210.5,478.5Q128,461,79,395.5Q30,330,75.5,266.5Q121,203,140.5,148.5Q160,94,216.5,107.5Q273,121,339.5,120Q406,119,418,184.5Q430,250,424.5,321Z;
                                    
                                    M438.5,312Q397,374,336.5,384.5Q276,395,211,412.5Q146,430,81.5,382.5Q17,335,24.5,253Q32,171,80.5,105.5Q129,40,203.5,66Q278,92,328.5,117Q379,142,429.5,196Q480,250,438.5,312Z;
                                    
                                    M366,294.5Q356,339,323,406.5Q290,474,212,462.5Q134,451,133,372Q132,293,73.5,229Q15,165,72.5,103Q130,41,205,60Q280,79,315.5,122.5Q351,166,363.5,208Q376,250,366,294.5Z;
                                    
                                    M424.5,321Q419,392,356,444Q293,496,210.5,478.5Q128,461,79,395.5Q30,330,75.5,266.5Q121,203,140.5,148.5Q160,94,216.5,107.5Q273,121,339.5,120Q406,119,418,184.5Q430,250,424.5,321Z">
                                </path>
                            </clipPath>
                        </defs>
                        <image x="0" y="0" width="100%" height="100%" clip-path="url(#shape)" xlink:href="https://ad-readlp.hipetest.com/wp-content/themes/ad-readlp/release/image/bg.jpg" preserveAspectRatio="none"></image>
                    </g>
                </svg>
            </div>
            <div class="blob-2 blob">
                <svg viewBox="0 0 800 500" preserveAspectRatio="none" xmlns="http://www.w3.org/2000/svg" xmlns:xlink="http://www.w3.org/1999/xlink" width="100%" id="blobSvg">
                    <g transform="translate(149.9840850830078, -26.675491333007812)">
                        <path fill="#fff">
                            <animate attributeName="d" dur="10000ms" repeatCount="indefinite" values="M424.5,321Q419,392,356,444Q293,496,210.5,478.5Q128,461,79,395.5Q30,330,75.5,266.5Q121,203,140.5,148.5Q160,94,216.5,107.5Q273,121,339.5,120Q406,119,418,184.5Q430,250,424.5,321Z;
                            
                            M366,294.5Q356,339,323,406.5Q290,474,212,462.5Q134,451,133,372Q132,293,73.5,229Q15,165,72.5,103Q130,41,205,60Q280,79,315.5,122.5Q351,166,363.5,208Q376,250,366,294.5Z;
                            
                            M438.5,312Q397,374,336.5,384.5Q276,395,211,412.5Q146,430,81.5,382.5Q17,335,24.5,253Q32,171,80.5,105.5Q129,40,203.5,66Q278,92,328.5,117Q379,142,429.5,196Q480,250,438.5,312Z;
                            
                            M424.5,321Q419,392,356,444Q293,496,210.5,478.5Q128,461,79,395.5Q30,330,75.5,266.5Q121,203,140.5,148.5Q160,94,216.5,107.5Q273,121,339.5,120Q406,119,418,184.5Q430,250,424.5,321Z">
                        </path>
                    </g>
                </svg>
            </div>
            <div class="blob-1 blob">
                <svg viewBox="0 0 800 500" preserveAspectRatio="none" xmlns="http://www.w3.org/2000/svg" xmlns:xlink="http://www.w3.org/1999/xlink" width="100%" id="blobSvg">
                    <g transform="translate(149.9840850830078, -26.675491333007812)">
                        <defs>
                            <clipPath id="shape">
                                <path fill="">
                                    <animate attributeName="d" dur="10000ms" repeatCount="indefinite" values="M424.5,321Q419,392,356,444Q293,496,210.5,478.5Q128,461,79,395.5Q30,330,75.5,266.5Q121,203,140.5,148.5Q160,94,216.5,107.5Q273,121,339.5,120Q406,119,418,184.5Q430,250,424.5,321Z;
                                    
                                    M438.5,312Q397,374,336.5,384.5Q276,395,211,412.5Q146,430,81.5,382.5Q17,335,24.5,253Q32,171,80.5,105.5Q129,40,203.5,66Q278,92,328.5,117Q379,142,429.5,196Q480,250,438.5,312Z;
                                    
                                    M366,294.5Q356,339,323,406.5Q290,474,212,462.5Q134,451,133,372Q132,293,73.5,229Q15,165,72.5,103Q130,41,205,60Q280,79,315.5,122.5Q351,166,363.5,208Q376,250,366,294.5Z;
                                    
                                    M424.5,321Q419,392,356,444Q293,496,210.5,478.5Q128,461,79,395.5Q30,330,75.5,266.5Q121,203,140.5,148.5Q160,94,216.5,107.5Q273,121,339.5,120Q406,119,418,184.5Q430,250,424.5,321Z">
                                </path>
                            </clipPath>
                        </defs>
                        <image x="0" y="0" width="100%" height="100%" clip-path="url(#shape)" xlink:href="https://ad-readlp.hipetest.com/wp-content/themes/ad-readlp/release/image/bg.jpg" preserveAspectRatio="none"></image>
                    </g>
                </svg>
            </div>
            <div class="blob-2 blob">
                <svg viewBox="0 0 800 500" preserveAspectRatio="none" xmlns="http://www.w3.org/2000/svg" xmlns:xlink="http://www.w3.org/1999/xlink" width="100%" id="blobSvg">
                    <g transform="translate(149.9840850830078, -26.675491333007812)">
                        <path fill="#fff">
                            <animate attributeName="d" dur="10000ms" repeatCount="indefinite" values="M424.5,321Q419,392,356,444Q293,496,210.5,478.5Q128,461,79,395.5Q30,330,75.5,266.5Q121,203,140.5,148.5Q160,94,216.5,107.5Q273,121,339.5,120Q406,119,418,184.5Q430,250,424.5,321Z;
                            
                            M366,294.5Q356,339,323,406.5Q290,474,212,462.5Q134,451,133,372Q132,293,73.5,229Q15,165,72.5,103Q130,41,205,60Q280,79,315.5,122.5Q351,166,363.5,208Q376,250,366,294.5Z;
                            
                            M438.5,312Q397,374,336.5,384.5Q276,395,211,412.5Q146,430,81.5,382.5Q17,335,24.5,253Q32,171,80.5,105.5Q129,40,203.5,66Q278,92,328.5,117Q379,142,429.5,196Q480,250,438.5,312Z;
                            
                            M424.5,321Q419,392,356,444Q293,496,210.5,478.5Q128,461,79,395.5Q30,330,75.5,266.5Q121,203,140.5,148.5Q160,94,216.5,107.5Q273,121,339.5,120Q406,119,418,184.5Q430,250,424.5,321Z">
                        </path>
                    </g>
                </svg>
            </div>
            <div class="blob-1 blob">
                <svg viewBox="0 0 800 500" preserveAspectRatio="none" xmlns="http://www.w3.org/2000/svg" xmlns:xlink="http://www.w3.org/1999/xlink" width="100%" id="blobSvg">
                    <g transform="translate(149.9840850830078, -26.675491333007812)">
                        <defs>
                            <clipPath id="shape">
                                <path fill="">
                                    <animate attributeName="d" dur="10000ms" repeatCount="indefinite" values="M424.5,321Q419,392,356,444Q293,496,210.5,478.5Q128,461,79,395.5Q30,330,75.5,266.5Q121,203,140.5,148.5Q160,94,216.5,107.5Q273,121,339.5,120Q406,119,418,184.5Q430,250,424.5,321Z;
                                    
                                    M438.5,312Q397,374,336.5,384.5Q276,395,211,412.5Q146,430,81.5,382.5Q17,335,24.5,253Q32,171,80.5,105.5Q129,40,203.5,66Q278,92,328.5,117Q379,142,429.5,196Q480,250,438.5,312Z;
                                    
                                    M366,294.5Q356,339,323,406.5Q290,474,212,462.5Q134,451,133,372Q132,293,73.5,229Q15,165,72.5,103Q130,41,205,60Q280,79,315.5,122.5Q351,166,363.5,208Q376,250,366,294.5Z;
                                    
                                    M424.5,321Q419,392,356,444Q293,496,210.5,478.5Q128,461,79,395.5Q30,330,75.5,266.5Q121,203,140.5,148.5Q160,94,216.5,107.5Q273,121,339.5,120Q406,119,418,184.5Q430,250,424.5,321Z">
                                </path>
                            </clipPath>
                        </defs>
                        <image x="0" y="0" width="100%" height="100%" clip-path="url(#shape)" xlink:href="https://ad-readlp.hipetest.com/wp-content/themes/ad-readlp/release/image/bg.jpg" preserveAspectRatio="none"></image>
                    </g>
                </svg>
            </div>
            <div class="blob-2 blob">
                <svg viewBox="0 0 800 500" preserveAspectRatio="none" xmlns="http://www.w3.org/2000/svg" xmlns:xlink="http://www.w3.org/1999/xlink" width="100%" id="blobSvg">
                    <g transform="translate(149.9840850830078, -26.675491333007812)">
                        <path fill="#fff">
                            <animate attributeName="d" dur="10000ms" repeatCount="indefinite" values="M424.5,321Q419,392,356,444Q293,496,210.5,478.5Q128,461,79,395.5Q30,330,75.5,266.5Q121,203,140.5,148.5Q160,94,216.5,107.5Q273,121,339.5,120Q406,119,418,184.5Q430,250,424.5,321Z;
                            
                            M366,294.5Q356,339,323,406.5Q290,474,212,462.5Q134,451,133,372Q132,293,73.5,229Q15,165,72.5,103Q130,41,205,60Q280,79,315.5,122.5Q351,166,363.5,208Q376,250,366,294.5Z;
                            
                            M438.5,312Q397,374,336.5,384.5Q276,395,211,412.5Q146,430,81.5,382.5Q17,335,24.5,253Q32,171,80.5,105.5Q129,40,203.5,66Q278,92,328.5,117Q379,142,429.5,196Q480,250,438.5,312Z;
                            
                            M424.5,321Q419,392,356,444Q293,496,210.5,478.5Q128,461,79,395.5Q30,330,75.5,266.5Q121,203,140.5,148.5Q160,94,216.5,107.5Q273,121,339.5,120Q406,119,418,184.5Q430,250,424.5,321Z">
                        </path>
                    </g>
                </svg>
            </div>
            <div class="blob-1 blob">
                <svg viewBox="0 0 800 500" preserveAspectRatio="none" xmlns="http://www.w3.org/2000/svg" xmlns:xlink="http://www.w3.org/1999/xlink" width="100%" id="blobSvg">
                    <g transform="translate(149.9840850830078, -26.675491333007812)">
                        <defs>
                            <clipPath id="shape">
                                <path fill="">
                                    <animate attributeName="d" dur="10000ms" repeatCount="indefinite" values="M424.5,321Q419,392,356,444Q293,496,210.5,478.5Q128,461,79,395.5Q30,330,75.5,266.5Q121,203,140.5,148.5Q160,94,216.5,107.5Q273,121,339.5,120Q406,119,418,184.5Q430,250,424.5,321Z;
                                    
                                    M438.5,312Q397,374,336.5,384.5Q276,395,211,412.5Q146,430,81.5,382.5Q17,335,24.5,253Q32,171,80.5,105.5Q129,40,203.5,66Q278,92,328.5,117Q379,142,429.5,196Q480,250,438.5,312Z;
                                    
                                    M366,294.5Q356,339,323,406.5Q290,474,212,462.5Q134,451,133,372Q132,293,73.5,229Q15,165,72.5,103Q130,41,205,60Q280,79,315.5,122.5Q351,166,363.5,208Q376,250,366,294.5Z;
                                    
                                    M424.5,321Q419,392,356,444Q293,496,210.5,478.5Q128,461,79,395.5Q30,330,75.5,266.5Q121,203,140.5,148.5Q160,94,216.5,107.5Q273,121,339.5,120Q406,119,418,184.5Q430,250,424.5,321Z">
                                </path>
                            </clipPath>
                        </defs>
                        <image x="0" y="0" width="100%" height="100%" clip-path="url(#shape)" xlink:href="https://ad-readlp.hipetest.com/wp-content/themes/ad-readlp/release/image/bg.jpg" preserveAspectRatio="none"></image>
                    </g>
                </svg>
            </div>
            <div class="blob-2 blob">
                <svg viewBox="0 0 800 500" preserveAspectRatio="none" xmlns="http://www.w3.org/2000/svg" xmlns:xlink="http://www.w3.org/1999/xlink" width="100%" id="blobSvg">
                    <g transform="translate(149.9840850830078, -26.675491333007812)">
                        <path fill="#fff">
                            <animate attributeName="d" dur="10000ms" repeatCount="indefinite" values="M424.5,321Q419,392,356,444Q293,496,210.5,478.5Q128,461,79,395.5Q30,330,75.5,266.5Q121,203,140.5,148.5Q160,94,216.5,107.5Q273,121,339.5,120Q406,119,418,184.5Q430,250,424.5,321Z;
                            
                            M366,294.5Q356,339,323,406.5Q290,474,212,462.5Q134,451,133,372Q132,293,73.5,229Q15,165,72.5,103Q130,41,205,60Q280,79,315.5,122.5Q351,166,363.5,208Q376,250,366,294.5Z;
                            
                            M438.5,312Q397,374,336.5,384.5Q276,395,211,412.5Q146,430,81.5,382.5Q17,335,24.5,253Q32,171,80.5,105.5Q129,40,203.5,66Q278,92,328.5,117Q379,142,429.5,196Q480,250,438.5,312Z;
                            
                            M424.5,321Q419,392,356,444Q293,496,210.5,478.5Q128,461,79,395.5Q30,330,75.5,266.5Q121,203,140.5,148.5Q160,94,216.5,107.5Q273,121,339.5,120Q406,119,418,184.5Q430,250,424.5,321Z">
                        </path>
                    </g>
                </svg>
            </div>
            <div class="blob-1 blob">
                <svg viewBox="0 0 800 500" preserveAspectRatio="none" xmlns="http://www.w3.org/2000/svg" xmlns:xlink="http://www.w3.org/1999/xlink" width="100%" id="blobSvg">
                    <g transform="translate(149.9840850830078, -26.675491333007812)">
                        <defs>
                            <clipPath id="shape">
                                <path fill="">
                                    <animate attributeName="d" dur="10000ms" repeatCount="indefinite" values="M424.5,321Q419,392,356,444Q293,496,210.5,478.5Q128,461,79,395.5Q30,330,75.5,266.5Q121,203,140.5,148.5Q160,94,216.5,107.5Q273,121,339.5,120Q406,119,418,184.5Q430,250,424.5,321Z;
                                    
                                    M438.5,312Q397,374,336.5,384.5Q276,395,211,412.5Q146,430,81.5,382.5Q17,335,24.5,253Q32,171,80.5,105.5Q129,40,203.5,66Q278,92,328.5,117Q379,142,429.5,196Q480,250,438.5,312Z;
                                    
                                    M366,294.5Q356,339,323,406.5Q290,474,212,462.5Q134,451,133,372Q132,293,73.5,229Q15,165,72.5,103Q130,41,205,60Q280,79,315.5,122.5Q351,166,363.5,208Q376,250,366,294.5Z;
                                    
                                    M424.5,321Q419,392,356,444Q293,496,210.5,478.5Q128,461,79,395.5Q30,330,75.5,266.5Q121,203,140.5,148.5Q160,94,216.5,107.5Q273,121,339.5,120Q406,119,418,184.5Q430,250,424.5,321Z">
                                </path>
                            </clipPath>
                        </defs>
                        <image x="0" y="0" width="100%" height="100%" clip-path="url(#shape)" xlink:href="https://ad-readlp.hipetest.com/wp-content/themes/ad-readlp/release/image/bg.jpg" preserveAspectRatio="none"></image>
                    </g>
                </svg>
            </div>
            <div class="blob-2 blob">
                <svg viewBox="0 0 800 500" preserveAspectRatio="none" xmlns="http://www.w3.org/2000/svg" xmlns:xlink="http://www.w3.org/1999/xlink" width="100%" id="blobSvg">
                    <g transform="translate(149.9840850830078, -26.675491333007812)">
                        <path fill="#fff">
                            <animate attributeName="d" dur="10000ms" repeatCount="indefinite" values="M424.5,321Q419,392,356,444Q293,496,210.5,478.5Q128,461,79,395.5Q30,330,75.5,266.5Q121,203,140.5,148.5Q160,94,216.5,107.5Q273,121,339.5,120Q406,119,418,184.5Q430,250,424.5,321Z;
                            
                            M366,294.5Q356,339,323,406.5Q290,474,212,462.5Q134,451,133,372Q132,293,73.5,229Q15,165,72.5,103Q130,41,205,60Q280,79,315.5,122.5Q351,166,363.5,208Q376,250,366,294.5Z;
                            
                            M438.5,312Q397,374,336.5,384.5Q276,395,211,412.5Q146,430,81.5,382.5Q17,335,24.5,253Q32,171,80.5,105.5Q129,40,203.5,66Q278,92,328.5,117Q379,142,429.5,196Q480,250,438.5,312Z;
                            
                            M424.5,321Q419,392,356,444Q293,496,210.5,478.5Q128,461,79,395.5Q30,330,75.5,266.5Q121,203,140.5,148.5Q160,94,216.5,107.5Q273,121,339.5,120Q406,119,418,184.5Q430,250,424.5,321Z">
                        </path>
                    </g>
                </svg>
            </div>
            <div class="blob-1 blob">
                <svg viewBox="0 0 800 500" preserveAspectRatio="none" xmlns="http://www.w3.org/2000/svg" xmlns:xlink="http://www.w3.org/1999/xlink" width="100%" id="blobSvg">
                    <g transform="translate(149.9840850830078, -26.675491333007812)">
                        <defs>
                            <clipPath id="shape">
                                <path fill="">
                                    <animate attributeName="d" dur="10000ms" repeatCount="indefinite" values="M424.5,321Q419,392,356,444Q293,496,210.5,478.5Q128,461,79,395.5Q30,330,75.5,266.5Q121,203,140.5,148.5Q160,94,216.5,107.5Q273,121,339.5,120Q406,119,418,184.5Q430,250,424.5,321Z;
                                    
                                    M438.5,312Q397,374,336.5,384.5Q276,395,211,412.5Q146,430,81.5,382.5Q17,335,24.5,253Q32,171,80.5,105.5Q129,40,203.5,66Q278,92,328.5,117Q379,142,429.5,196Q480,250,438.5,312Z;
                                    
                                    M366,294.5Q356,339,323,406.5Q290,474,212,462.5Q134,451,133,372Q132,293,73.5,229Q15,165,72.5,103Q130,41,205,60Q280,79,315.5,122.5Q351,166,363.5,208Q376,250,366,294.5Z;
                                    
                                    M424.5,321Q419,392,356,444Q293,496,210.5,478.5Q128,461,79,395.5Q30,330,75.5,266.5Q121,203,140.5,148.5Q160,94,216.5,107.5Q273,121,339.5,120Q406,119,418,184.5Q430,250,424.5,321Z">
                                </path>
                            </clipPath>
                        </defs>
                        <image x="0" y="0" width="100%" height="100%" clip-path="url(#shape)" xlink:href="https://ad-readlp.hipetest.com/wp-content/themes/ad-readlp/release/image/bg.jpg" preserveAspectRatio="none"></image>
                    </g>
                </svg>
            </div>
            <div class="blob-2 blob">
                <svg viewBox="0 0 800 500" preserveAspectRatio="none" xmlns="http://www.w3.org/2000/svg" xmlns:xlink="http://www.w3.org/1999/xlink" width="100%" id="blobSvg">
                    <g transform="translate(149.9840850830078, -26.675491333007812)">
                        <path fill="#fff">
                            <animate attributeName="d" dur="10000ms" repeatCount="indefinite" values="M424.5,321Q419,392,356,444Q293,496,210.5,478.5Q128,461,79,395.5Q30,330,75.5,266.5Q121,203,140.5,148.5Q160,94,216.5,107.5Q273,121,339.5,120Q406,119,418,184.5Q430,250,424.5,321Z;
                            
                            M366,294.5Q356,339,323,406.5Q290,474,212,462.5Q134,451,133,372Q132,293,73.5,229Q15,165,72.5,103Q130,41,205,60Q280,79,315.5,122.5Q351,166,363.5,208Q376,250,366,294.5Z;
                            
                            M438.5,312Q397,374,336.5,384.5Q276,395,211,412.5Q146,430,81.5,382.5Q17,335,24.5,253Q32,171,80.5,105.5Q129,40,203.5,66Q278,92,328.5,117Q379,142,429.5,196Q480,250,438.5,312Z;
                            
                            M424.5,321Q419,392,356,444Q293,496,210.5,478.5Q128,461,79,395.5Q30,330,75.5,266.5Q121,203,140.5,148.5Q160,94,216.5,107.5Q273,121,339.5,120Q406,119,418,184.5Q430,250,424.5,321Z">
                        </path>
                    </g>
                </svg>
            </div>
            <div class="blob-1 blob">
                <svg viewBox="0 0 800 500" preserveAspectRatio="none" xmlns="http://www.w3.org/2000/svg" xmlns:xlink="http://www.w3.org/1999/xlink" width="100%" id="blobSvg">
                    <g transform="translate(149.9840850830078, -26.675491333007812)">
                        <defs>
                            <clipPath id="shape">
                                <path fill="">
                                    <animate attributeName="d" dur="10000ms" repeatCount="indefinite" values="M424.5,321Q419,392,356,444Q293,496,210.5,478.5Q128,461,79,395.5Q30,330,75.5,266.5Q121,203,140.5,148.5Q160,94,216.5,107.5Q273,121,339.5,120Q406,119,418,184.5Q430,250,424.5,321Z;
                                    
                                    M438.5,312Q397,374,336.5,384.5Q276,395,211,412.5Q146,430,81.5,382.5Q17,335,24.5,253Q32,171,80.5,105.5Q129,40,203.5,66Q278,92,328.5,117Q379,142,429.5,196Q480,250,438.5,312Z;
                                    
                                    M366,294.5Q356,339,323,406.5Q290,474,212,462.5Q134,451,133,372Q132,293,73.5,229Q15,165,72.5,103Q130,41,205,60Q280,79,315.5,122.5Q351,166,363.5,208Q376,250,366,294.5Z;
                                    
                                    M424.5,321Q419,392,356,444Q293,496,210.5,478.5Q128,461,79,395.5Q30,330,75.5,266.5Q121,203,140.5,148.5Q160,94,216.5,107.5Q273,121,339.5,120Q406,119,418,184.5Q430,250,424.5,321Z">
                                </path>
                            </clipPath>
                        </defs>
                        <image x="0" y="0" width="100%" height="100%" clip-path="url(#shape)" xlink:href="https://ad-readlp.hipetest.com/wp-content/themes/ad-readlp/release/image/bg.jpg" preserveAspectRatio="none"></image>
                    </g>
                </svg>
            </div>
            <div class="blob-2 blob">
                <svg viewBox="0 0 800 500" preserveAspectRatio="none" xmlns="http://www.w3.org/2000/svg" xmlns:xlink="http://www.w3.org/1999/xlink" width="100%" id="blobSvg">
                    <g transform="translate(149.9840850830078, -26.675491333007812)">
                        <path fill="#fff">
                            <animate attributeName="d" dur="10000ms" repeatCount="indefinite" values="M424.5,321Q419,392,356,444Q293,496,210.5,478.5Q128,461,79,395.5Q30,330,75.5,266.5Q121,203,140.5,148.5Q160,94,216.5,107.5Q273,121,339.5,120Q406,119,418,184.5Q430,250,424.5,321Z;
                            
                            M366,294.5Q356,339,323,406.5Q290,474,212,462.5Q134,451,133,372Q132,293,73.5,229Q15,165,72.5,103Q130,41,205,60Q280,79,315.5,122.5Q351,166,363.5,208Q376,250,366,294.5Z;
                            
                            M438.5,312Q397,374,336.5,384.5Q276,395,211,412.5Q146,430,81.5,382.5Q17,335,24.5,253Q32,171,80.5,105.5Q129,40,203.5,66Q278,92,328.5,117Q379,142,429.5,196Q480,250,438.5,312Z;
                            
                            M424.5,321Q419,392,356,444Q293,496,210.5,478.5Q128,461,79,395.5Q30,330,75.5,266.5Q121,203,140.5,148.5Q160,94,216.5,107.5Q273,121,339.5,120Q406,119,418,184.5Q430,250,424.5,321Z">
                        </path>
                    </g>
                </svg>
            </div>
            <div class="blob-1 blob">
                <svg viewBox="0 0 800 500" preserveAspectRatio="none" xmlns="http://www.w3.org/2000/svg" xmlns:xlink="http://www.w3.org/1999/xlink" width="100%" id="blobSvg">
                    <g transform="translate(149.9840850830078, -26.675491333007812)">
                        <defs>
                            <clipPath id="shape">
                                <path fill="">
                                    <animate attributeName="d" dur="10000ms" repeatCount="indefinite" values="M424.5,321Q419,392,356,444Q293,496,210.5,478.5Q128,461,79,395.5Q30,330,75.5,266.5Q121,203,140.5,148.5Q160,94,216.5,107.5Q273,121,339.5,120Q406,119,418,184.5Q430,250,424.5,321Z;
                                    
                                    M438.5,312Q397,374,336.5,384.5Q276,395,211,412.5Q146,430,81.5,382.5Q17,335,24.5,253Q32,171,80.5,105.5Q129,40,203.5,66Q278,92,328.5,117Q379,142,429.5,196Q480,250,438.5,312Z;
                                    
                                    M366,294.5Q356,339,323,406.5Q290,474,212,462.5Q134,451,133,372Q132,293,73.5,229Q15,165,72.5,103Q130,41,205,60Q280,79,315.5,122.5Q351,166,363.5,208Q376,250,366,294.5Z;
                                    
                                    M424.5,321Q419,392,356,444Q293,496,210.5,478.5Q128,461,79,395.5Q30,330,75.5,266.5Q121,203,140.5,148.5Q160,94,216.5,107.5Q273,121,339.5,120Q406,119,418,184.5Q430,250,424.5,321Z">
                                </path>
                            </clipPath>
                        </defs>
                        <image x="0" y="0" width="100%" height="100%" clip-path="url(#shape)" xlink:href="https://ad-readlp.hipetest.com/wp-content/themes/ad-readlp/release/image/bg.jpg" preserveAspectRatio="none"></image>
                    </g>
                </svg>
            </div>
            <div class="blob-2 blob">
                <svg viewBox="0 0 800 500" preserveAspectRatio="none" xmlns="http://www.w3.org/2000/svg" xmlns:xlink="http://www.w3.org/1999/xlink" width="100%" id="blobSvg">
                    <g transform="translate(149.9840850830078, -26.675491333007812)">
                        <path fill="#fff">
                            <animate attributeName="d" dur="10000ms" repeatCount="indefinite" values="M424.5,321Q419,392,356,444Q293,496,210.5,478.5Q128,461,79,395.5Q30,330,75.5,266.5Q121,203,140.5,148.5Q160,94,216.5,107.5Q273,121,339.5,120Q406,119,418,184.5Q430,250,424.5,321Z;
                            
                            M366,294.5Q356,339,323,406.5Q290,474,212,462.5Q134,451,133,372Q132,293,73.5,229Q15,165,72.5,103Q130,41,205,60Q280,79,315.5,122.5Q351,166,363.5,208Q376,250,366,294.5Z;
                            
                            M438.5,312Q397,374,336.5,384.5Q276,395,211,412.5Q146,430,81.5,382.5Q17,335,24.5,253Q32,171,80.5,105.5Q129,40,203.5,66Q278,92,328.5,117Q379,142,429.5,196Q480,250,438.5,312Z;
                            
                            M424.5,321Q419,392,356,444Q293,496,210.5,478.5Q128,461,79,395.5Q30,330,75.5,266.5Q121,203,140.5,148.5Q160,94,216.5,107.5Q273,121,339.5,120Q406,119,418,184.5Q430,250,424.5,321Z">
                        </path>
                    </g>
                </svg>
            </div>
            <div class="blob-1 blob">
                <svg viewBox="0 0 800 500" preserveAspectRatio="none" xmlns="http://www.w3.org/2000/svg" xmlns:xlink="http://www.w3.org/1999/xlink" width="100%" id="blobSvg">
                    <g transform="translate(149.9840850830078, -26.675491333007812)">
                        <defs>
                            <clipPath id="shape">
                                <path fill="">
                                    <animate attributeName="d" dur="10000ms" repeatCount="indefinite" values="M424.5,321Q419,392,356,444Q293,496,210.5,478.5Q128,461,79,395.5Q30,330,75.5,266.5Q121,203,140.5,148.5Q160,94,216.5,107.5Q273,121,339.5,120Q406,119,418,184.5Q430,250,424.5,321Z;
                                    
                                    M438.5,312Q397,374,336.5,384.5Q276,395,211,412.5Q146,430,81.5,382.5Q17,335,24.5,253Q32,171,80.5,105.5Q129,40,203.5,66Q278,92,328.5,117Q379,142,429.5,196Q480,250,438.5,312Z;
                                    
                                    M366,294.5Q356,339,323,406.5Q290,474,212,462.5Q134,451,133,372Q132,293,73.5,229Q15,165,72.5,103Q130,41,205,60Q280,79,315.5,122.5Q351,166,363.5,208Q376,250,366,294.5Z;
                                    
                                    M424.5,321Q419,392,356,444Q293,496,210.5,478.5Q128,461,79,395.5Q30,330,75.5,266.5Q121,203,140.5,148.5Q160,94,216.5,107.5Q273,121,339.5,120Q406,119,418,184.5Q430,250,424.5,321Z">
                                </path>
                            </clipPath>
                        </defs>
                        <image x="0" y="0" width="100%" height="100%" clip-path="url(#shape)" xlink:href="https://ad-readlp.hipetest.com/wp-content/themes/ad-readlp/release/image/bg.jpg" preserveAspectRatio="none"></image>
                    </g>
                </svg>
            </div>
            <div class="blob-2 blob">
                <svg viewBox="0 0 800 500" preserveAspectRatio="none" xmlns="http://www.w3.org/2000/svg" xmlns:xlink="http://www.w3.org/1999/xlink" width="100%" id="blobSvg">
                    <g transform="translate(149.9840850830078, -26.675491333007812)">
                        <path fill="#fff">
                            <animate attributeName="d" dur="10000ms" repeatCount="indefinite" values="M424.5,321Q419,392,356,444Q293,496,210.5,478.5Q128,461,79,395.5Q30,330,75.5,266.5Q121,203,140.5,148.5Q160,94,216.5,107.5Q273,121,339.5,120Q406,119,418,184.5Q430,250,424.5,321Z;
                            
                            M366,294.5Q356,339,323,406.5Q290,474,212,462.5Q134,451,133,372Q132,293,73.5,229Q15,165,72.5,103Q130,41,205,60Q280,79,315.5,122.5Q351,166,363.5,208Q376,250,366,294.5Z;
                            
                            M438.5,312Q397,374,336.5,384.5Q276,395,211,412.5Q146,430,81.5,382.5Q17,335,24.5,253Q32,171,80.5,105.5Q129,40,203.5,66Q278,92,328.5,117Q379,142,429.5,196Q480,250,438.5,312Z;
                            
                            M424.5,321Q419,392,356,444Q293,496,210.5,478.5Q128,461,79,395.5Q30,330,75.5,266.5Q121,203,140.5,148.5Q160,94,216.5,107.5Q273,121,339.5,120Q406,119,418,184.5Q430,250,424.5,321Z">
                        </path>
                    </g>
                </svg>
            </div>
            <div class="blob-1 blob">
                <svg viewBox="0 0 800 500" preserveAspectRatio="none" xmlns="http://www.w3.org/2000/svg" xmlns:xlink="http://www.w3.org/1999/xlink" width="100%" id="blobSvg">
                    <g transform="translate(149.9840850830078, -26.675491333007812)">
                        <defs>
                            <clipPath id="shape">
                                <path fill="">
                                    <animate attributeName="d" dur="10000ms" repeatCount="indefinite" values="M424.5,321Q419,392,356,444Q293,496,210.5,478.5Q128,461,79,395.5Q30,330,75.5,266.5Q121,203,140.5,148.5Q160,94,216.5,107.5Q273,121,339.5,120Q406,119,418,184.5Q430,250,424.5,321Z;
                                    
                                    M438.5,312Q397,374,336.5,384.5Q276,395,211,412.5Q146,430,81.5,382.5Q17,335,24.5,253Q32,171,80.5,105.5Q129,40,203.5,66Q278,92,328.5,117Q379,142,429.5,196Q480,250,438.5,312Z;
                                    
                                    M366,294.5Q356,339,323,406.5Q290,474,212,462.5Q134,451,133,372Q132,293,73.5,229Q15,165,72.5,103Q130,41,205,60Q280,79,315.5,122.5Q351,166,363.5,208Q376,250,366,294.5Z;
                                    
                                    M424.5,321Q419,392,356,444Q293,496,210.5,478.5Q128,461,79,395.5Q30,330,75.5,266.5Q121,203,140.5,148.5Q160,94,216.5,107.5Q273,121,339.5,120Q406,119,418,184.5Q430,250,424.5,321Z">
                                </path>
                            </clipPath>
                        </defs>
                        <image x="0" y="0" width="100%" height="100%" clip-path="url(#shape)" xlink:href="https://ad-readlp.hipetest.com/wp-content/themes/ad-readlp/release/image/bg.jpg" preserveAspectRatio="none"></image>
                    </g>
                </svg>
            </div>
            <div class="blob-2 blob">
                <svg viewBox="0 0 800 500" preserveAspectRatio="none" xmlns="http://www.w3.org/2000/svg" xmlns:xlink="http://www.w3.org/1999/xlink" width="100%" id="blobSvg">
                    <g transform="translate(149.9840850830078, -26.675491333007812)">
                        <path fill="#fff">
                            <animate attributeName="d" dur="10000ms" repeatCount="indefinite" values="M424.5,321Q419,392,356,444Q293,496,210.5,478.5Q128,461,79,395.5Q30,330,75.5,266.5Q121,203,140.5,148.5Q160,94,216.5,107.5Q273,121,339.5,120Q406,119,418,184.5Q430,250,424.5,321Z;
                            
                            M366,294.5Q356,339,323,406.5Q290,474,212,462.5Q134,451,133,372Q132,293,73.5,229Q15,165,72.5,103Q130,41,205,60Q280,79,315.5,122.5Q351,166,363.5,208Q376,250,366,294.5Z;
                            
                            M438.5,312Q397,374,336.5,384.5Q276,395,211,412.5Q146,430,81.5,382.5Q17,335,24.5,253Q32,171,80.5,105.5Q129,40,203.5,66Q278,92,328.5,117Q379,142,429.5,196Q480,250,438.5,312Z;
                            
                            M424.5,321Q419,392,356,444Q293,496,210.5,478.5Q128,461,79,395.5Q30,330,75.5,266.5Q121,203,140.5,148.5Q160,94,216.5,107.5Q273,121,339.5,120Q406,119,418,184.5Q430,250,424.5,321Z">
                        </path>
                    </g>
                </svg>
            </div>
            <div class="blob-1 blob">
                <svg viewBox="0 0 800 500" preserveAspectRatio="none" xmlns="http://www.w3.org/2000/svg" xmlns:xlink="http://www.w3.org/1999/xlink" width="100%" id="blobSvg">
                    <g transform="translate(149.9840850830078, -26.675491333007812)">
                        <defs>
                            <clipPath id="shape">
